16
พฤษภาคม
2564
684579
79
579
14
615 843 276 970
2
พฤษภาคม
2564
501272
72
272
18
018 306 129 498
16
เมษายน
2564
100787
87
787
56
013 143 264 478
1
เมษายน
2564
472270
70
270
05
283 755 393 577
16
มีนาคม
2564
890422
22
422
19
036 902 256 396
1
มีนาคม
2564
835538
38
538
73
290 838 051 806
16
กุมภาพันธ์
2564
424603
03
603
39
318 861 057 817
1
กุมภาพันธ์
2564
912307
07
307
97
248 605 282 651
17
มกราคม
2564
384395
95
395
15
367 653 566 878
30
ธันวาคม
2563
803628
28
628
19
336 804 321 924
16
ธันวาคม
2563
201303
03
303
70
377 828 072 517
1
ธันวาคม
2563
100994
94
994
84
093 776 834 984
16
พฤศจิกายน
2563
972661
61
661
46
368 741 208 255
1
พฤศจิกายน
2563
506404
04
404
40
154 598 062 245
16
ตุลาคม
2563
286051
51
051
38
189 464 045 980
1
ตุลาคม
2563
837893
93
893
59
594 757 110 595
16
กันยายน
2563
244083
83
083
57
127 220 623 853
1
กันยายน
2563
999997
97
997
98
636 725 342 957
16
สิงหาคม
2563
945811
11
811
88
614 712 364 733
1
สิงหาคม
2563
569391
91
391
92
575 931 578 809
16
กรกฎาคม
2563
873286
86
286
53
510 533 494 682
1
กรกฎาคม
2563
347258
58
258
83
095 362 094 307
16
มิถุนายน
2563
516967
67
967
64
876 882 565 625
1
มิถุนายน
2563
831567
67
567
24
264 489 562 582
1
เมษายน
2563
051095
95
095
22
285 430 191 364
16
มีนาคม
2563
503446
46
446
77
258 726 404 661
1
มีนาคม
2563
875938
38
938
98
294 328 597 780
16
กุมภาพันธ์
2563
781403
03
403
94
515 952 030 918
1
กุมภาพันธ์
2563
589227
27
227
06
259 552 375 927
17
มกราคม
2563
491774
74
774
68
004 132 379 595
30
ธันวาคม
2562
510541
41
541
81
116 382 140 250
16
ธันวาคม
2562
529924
24
924
97
043 138 555 665
1
ธันวาคม
2562
453522
22
522
81
261 617 013 457
16
พฤศจิกายน
2562
017223
23
223
32
164 640 085 194
1
พฤศจิกายน
2562
967375
75
375
79
323 806 021 206
16
ตุลาคม
2562
812564
64
564
15
255 625 132 598
1
ตุลาคม
2562
691197
97
197
59
392 920 606 797
16
กันยายน
2562
340388
88
388
85
733 947 925 939
1
กันยายน
2562
798787
87
787
20
210 847 274 439
16
สิงหาคม
2562
775476
76
476
89
149 912 563 580
1
สิงหาคม
2562
387006
06
006
58
135 983 562 795
15
กรกฎาคม
2562
369765
65
765
88
355 901 113 556
1
กรกฎาคม
2562
943647
47
647
86
239 864 006 375
16
มิถุนายน
2562
174055
55
055
29
625 884 127 800
1
มิถุนายน
2562
516461
61
461
46
589 713 215 560
16
พฤษภาคม
2562
962526
26
526
71
669 949 018 828
2
พฤษภาคม
2562
061324
24
324
25
043 476 374 699
16
เมษายน
2562
570331
31
331
23
512 930 966 968
1
เมษายน
2562
109767
67
767
52
888 959 403 975
16
มีนาคม
2562
724628
28
628
64
148 883 154 877
1
มีนาคม
2562
345650
50
650
65
137 999 830 837
16
กุมภาพันธ์
2562
074824
24
824
56
881 910 612 879
1
กุมภาพันธ์
2562
967134
34
134
04
643 779 197 948
17
มกราคม
2562
197079
79
079
65
206 412 127 660
30
ธันวาคม
2561
735867
67
867
02
031 913 701 884
16
ธันวาคม
2561
356564
64
564
62
480 948 297 369
1
ธันวาคม
2561
021840
40
840
67
045 307 561 988
16
พฤศจิกายน
2561
989903
03
903
16
471 930 140 876
1
พฤศจิกายน
2561
149840
40
840
58
384 576 046 509
16
ตุลาคม
2561
200515
15
515
93
186 392 192 212
1
ตุลาคม
2561
452643
43
643
99
594 726 561 810
16
กันยายน
2561
149760
60
760
79
323 539 155 297
1
กันยายน
2561
734510
10
510
26
464 512 097 202
16
สิงหาคม
2561
586117
17
117
10
340 670 591 815
1
สิงหาคม
2561
386602
02
602
78
832 903 549 726
16
กรกฎาคม
2561
596324
24
324
27
403 530 138 362
1
กรกฎาคม
2561
963623
23
623
83
429 901 210 217
16
มิถุนายน
2561
223131
31
131
46
432 507 132 868
1
มิถุนายน
2561
988117
17
117
95
310 553 248 650
16
พฤษภาคม
2561
075629
29
629
20
130 357 047 506
2
พฤษภาคม
2561
248038
38
038
85
527 980 225 602
16
เมษายน
2561
739229
29
229
60
273 654 076 526
1
เมษายน
2561
412073
73
073
85
131 787 638 924
16
มีนาคม
2561
218559
59
559
82
064 720 205 489
2
มีนาคม
2561
759415
15
415
29
318 870 589 723
16
กุมภาพันธ์
2561
309915
15
915
39
007 388 230 748
1
กุมภาพันธ์
2561
026853
53
853
31
106 947 181 519
17
มกราคม
2561
203823
23
823
50
624 799 236 397
30
ธันวาคม
2560
911234
34
234
98
373 495 504 953
16
ธันวาคม
2560
955596
96
596
89
616 836 290 938
1
ธันวาคม
2560
451005
05
005
33
303 626 257 601
16
พฤศจิกายน
2560
292391
91
391
98
831 961 477 628
1
พฤศจิกายน
2560
533726
26
726
85
165 425 036 485
16
ตุลาคม
2560
413494
94
494
86
180 971 128 287
1
ตุลาคม
2560
880714
14
714
52
611 726 462 952
16
กันยายน
2560
170143
43
143
71
172 647 340 388
1
กันยายน
2560
143224
24
224
65
345 679 195 278
16
สิงหาคม
2560
715431
31
431
37
115 302 253 945
1
สิงหาคม
2560
756519
19
519
36
061 386 787 989
16
กรกฎาคม
2560
820327
27
327
87
584 835 390 823
1
กรกฎาคม
2560
112360
60
360
26
226 489 005 688
16
มิถุนายน
2560
943142
42
142
47
626 878 373 740
1
มิถุนายน
2560
053630
30
630
61
121 218 581 881
16
พฤษภาคม
2560
454891
91
891
53
008 396 490 603
2
พฤษภาคม
2560
008656
56
656
35
573 949 773 923
16
เมษายน
2560
816729
29
729
40
766 973 241 807
1
เมษายน
2560
392785
85
785
80
020 057 500 709
16
มีนาคม
2560
273863
63
863
92
324 918 694 941
1
มีนาคม
2560
978453
53
453
78
450 560 052 577
16
กุมภาพันธ์
2560
229116
16
116
14
128 464 375 953
1
กุมภาพันธ์
2560
054672
72
672
42
066 807 426 628
17
มกราคม
2560
145157
57
157
25
511 663 516 836
30
ธันวาคม
2559
377712
12
712
46
304 890 477 769
16
ธันวาคม
2559
435286
86
286
35
366 596 199 716
1
ธันวาคม
2559
086069
69
069
77
513 873 148 450
16
พฤศจิกายน
2559
858383
83
383
44
040 682 558 570
1
พฤศจิกายน
2559
785438
38
438
86
824 976 038 752
16
ตุลาคม
2559
571947
47
947
98
692 885 032 587
1
ตุลาคม
2559
887102
02
102
33
194 280 017 458
16
กันยายน
2559
240650
50
650
42
493 583 043 160
1
กันยายน
2559
638684
84
684
62
334 335 630 669
16
สิงหาคม
2559
254004
04
004
33
366 966 596 631
1
สิงหาคม
2559
272932
32
932
57
538 983 472 871
16
กรกฎาคม
2559
449764
64
764
55
552 734 158 925
1
กรกฎาคม
2559
082460
60
460
53
169 609 173 302
16
มิถุนายน
2559
073816
16
816
79
251 804 321 749
1
มิถุนายน
2559
511825
25
825
14
111 775 880 937
16
พฤษภาคม
2559
141737
37
737
98
382 975 087 268
2
พฤษภาคม
2559
399459
59
459
02
238 403 046 671
16
เมษายน
2559
221609
09
609
87
008 228 507 523
1
เมษายน
2559
066720
20
720
92
390 546 285 852
16
มีนาคม
2559
134918
18
918
32
855 877 004 973
1
มีนาคม
2559
439686
86
686
06
426 530 155 743
16
กุมภาพันธ์
2559
356364
64
364
98
312 699 309 535
1
กุมภาพันธ์
2559
927800
00
800
09
625 999 054 076
17
มกราคม
2559
304371
71
371
50
031 532 743 786
30
ธันวาคม
2558
008217
17
217
02
246 264 596 895
17
ธันวาคม
2558
930255
55
255
08
140 250 094 638
1
ธันวาคม
2558
915350
50
350
78
238 181 714 175
16
พฤศจิกายน
2558
795283
83
283
03
241 028 643 802
1
พฤศจิกายน
2558
361211
11
211
45
106 757 166 473
16
ตุลาคม
2558
968630
30
630
62
457 134 412 054
1
ตุลาคม
2558
594825
25
825
07
175 918 440 799
16
กันยายน
2558
743148
48
148
06
435 209 375 084
1
กันยายน
2558
021094
94
094
89
260 403 068 819
16
สิงหาคม
2558
033363
63
363
40
781 227 624 648
1
สิงหาคม
2558
518677
77
677
53
333 598 648 889
16
กรกฎาคม
2558
121507
07
507
49
761 461 830 294
1
กรกฎาคม
2558
759049
49
049
26
565 814 081 567
16
มิถุนายน
2558
644742
42
742
05
429 253 386 532
2
มิถุนายน
2558
388881
81
881
65
314 700 876 969
16
พฤษภาคม
2558
011421
21
421
38
799 484 851 928
2
พฤษภาคม
2558
543466
66
466
30
818 163 366 195
16
เมษายน
2558
506260
60
260
38
101 164 495 973
1
เมษายน
2558
605704
04
704
70
558 962 557 861
16
มีนาคม
2558
048151
51
151
92
339 622 623 757
1
มีนาคม
2558
240237
37
237
34
498 031 857 008
16
กุมภาพันธ์
2558
001864
64
864
90
843 103 825 392
1
กุมภาพันธ์
2558
155537
37
537
79
083 286 813 008
16
มกราคม
2558
244351
51
351
74
068 398 595 877
30
ธันวาคม
2557
461704
04
704
57
853 982 535 950
16
ธันวาคม
2557
948354
54
354
90
080 763 775 901
1
ธันวาคม
2557
480449
49
449
11
820 380 580 161
16
พฤศจิกายน
2557
479804
04
804
25
179 422 480 709
1
พฤศจิกายน
2557
206608
08
608
44
607 203 855 979
16
ตุลาคม
2557
656409
09
409
94
647 784 848 910
1
ตุลาคม
2557
375615
15
615
44
251 086 159 520
16
กันยายน
2557
772269
69
269
35
112 257 342 790
1
กันยายน
2557
856763
63
763
22
308 912 477 490
16
สิงหาคม
2557
662842
42
842
91
639 912 187 633
1
สิงหาคม
2557
766391
91
391
82
349 576 623 637
16
กรกฎาคม
2557
468728
28
728
45
104 944 117 205
1
กรกฎาคม
2557
378477
77
477
39
123 271 441 864
16
มิถุนายน
2557
673920
20
920
95
158 140 639 576
1
มิถุนายน
2557
781198
98
198
18
160 324 409 636
16
พฤษภาคม
2557
087523
23
523
20
150 505 112 246
2
พฤษภาคม
2557
103297
97
297
52
143 158 673 797
16
เมษายน
2557
153406
06
406
26
344 013 355 634
1
เมษายน
2557
028866
66
866
95
186 499 835 938
16
มีนาคม
2557
531404
04
404
79
250 305 400 904
1
มีนาคม
2557
906318
18
318
35
116 537 753 798
16
กุมภาพันธ์
2557
384245
45
245
01
397 530 074 521
1
กุมภาพันธ์
2557
180149
49
149
95
406 492 888 976
16
มกราคม
2557
306902
02
902
52
242 077 149 510
30
ธันวาคม
2556
561072
72
072
48
513 750 503 275
16
ธันวาคม
2556
341767
67
767
79
111 228 742 826
1
ธันวาคม
2556
168795
95
795
27
734 766 074 980
16
พฤศจิกายน
2556
806925
25
925
28
069 304 672 753
1
พฤศจิกายน
2556
739804
04
804
47
502 020 256 173
16
ตุลาคม
2556
963289
89
289
60
402 529 876 952
1
ตุลาคม
2556
647882
82
882
14
576 324 650 028
16
กันยายน
2556
562684
84
684
63
056 235 574 754
1
กันยายน
2556
548123
23
123
05
281 570 800 045
16
สิงหาคม
2556
321327
27
327
20
417 945 448 201
1
สิงหาคม
2556
356435
35
435
82
880 451 718 329
16
กรกฎาคม
2556
566996
96
996
86
352 210 584 526
1
กรกฎาคม
2556
646905
05
905
51
075 284 903 904
16
มิถุนายน
2556
289673
73
673
69
390 098 114 502
1
มิถุนายน
2556
935489
89
489
90
480 713 716 768
16
พฤษภาคม
2556
687125
25
125
56
034 261 390 945
2
พฤษภาคม
2556
603458
58
458
07
272 359 516 830
16
เมษายน
2556
843846
46
846
86
834 862 906 828
1
เมษายน
2556
571688
88
688
53
170 430 670 725
16
มีนาคม
2556
968433
33
433
52
860 959 175 529
1
มีนาคม
2556
976241
41
241
37
972 721 133 775
16
กุมภาพันธ์
2556
368257
57
257
09
657 708 109 386
1
กุมภาพันธ์
2556
565566
66
566
66
452 695 641 782
16
มกราคม
2556
820981
81
981
08
555 196 374 334
30
ธันวาคม
2555
302358
58
358
00
589 864 126 832
16
ธันวาคม
2555
529524
24
524
72
734 745 778 008
1
ธันวาคม
2555
110443
43
443
43
434 553 489 303
16
พฤศจิกายน
2555
639500
00
500
15
576 560 804 627
1
พฤศจิกายน
2555
524694
94
694
63
217 188 285 338
16
ตุลาคม
2555
281343
43
343
28
152 089 396 868
1
ตุลาคม
2555
124025
25
025
58
940 554 291 873
16
กันยายน
2555
540143
43
143
79
242 752 123 770
1
กันยายน
2555
329997
97
997
07
736 598 148 639
16
สิงหาคม
2555
683877
77
877
28
032 612 775 730
1
สิงหาคม
2555
895590
90
590
50
820 599 796 745
16
กรกฎาคม
2555
904050
50
050
11
897 224 159 042
1
กรกฎาคม
2555
915900
00
900
60
715 656 530 611
16
มิถุนายน
2555
159373
73
373
51
238 790 479 547
1
มิถุนายน
2555
882727
27
727
38
606 576 895 399
16
พฤษภาคม
2555
814418
18
418
31
504 309 902 101
2
พฤษภาคม
2555
889501
01
501
29
589 597 426 468
16
เมษายน
2555
583470
70
470
62
216 088 722 754
1
เมษายน
2555
257562
62
562
69
581 074 616 332
16
มีนาคม
2555
607064
64
064
08
606 333 573 350
1
มีนาคม
2555
222518
18
518
79
295 135 711 199
16
กุมภาพันธ์
2555
648684
84
684
18
906 214 111 420
1
กุมภาพันธ์
2555
320605
05
605
32
749 426 498 598
16
มกราคม
2555
451445
45
445
81
328 150 941 639
30
ธันวาคม
2554
526402
02
402
65
168 026 541 597
16
ธันวาคม
2554
884178
78
178
21
784 235 651 295
1
ธันวาคม
2554
408147
47
147
02
922 253 857 739
16
พฤศจิกายน
2554
997777
77
777
57
425 551 406 993
1
พฤศจิกายน
2554
805540
40
540
54
771 380 065 221
16
ตุลาคม
2554
955756
56
756
83
991 057 329 507
1
ตุลาคม
2554
511052
52
052
15
957 104 189 499
16
กันยายน
2554
731198
98
198
28
384 645 812 589
1
กันยายน
2554
724533
33
533
85
847 021 533 821
16
สิงหาคม
2554
536960
60
960
62
814 345 074 005
1
สิงหาคม
2554
218756
56
756
12
703 583 660 221
16
กรกฎาคม
2554
116556
56
556
12
227 052 534 609
1
กรกฎาคม
2554
622953
53
953
51
390 160 780 463
16
มิถุนายน
2554
351276
76
276
88
486 167 162 582
1
มิถุนายน
2554
562370
70
370
46
656 346 801 556
16
พฤษภาคม
2554
406417
17
417
05
700 044 071 889
2
พฤษภาคม
2554
054136
36
136
85
421 945 133 524
16
เมษายน
2554
825988
88
988
44
263 213 397 593
1
เมษายน
2554
814931
31
931
01
723 584 040 036
16
มีนาคม
2554
593331
31
331
96
209 945 463 737
1
มีนาคม
2554
656037
37
037
97
544 357 926 396
16
กุมภาพันธ์
2554
481746
46
746
27
535 510 384 388
1
กุมภาพันธ์
2554
610089
89
089
55
596 361 121 432
16
มกราคม
2554
281062
62
062
23
227 185 758 546
30
ธันวาคม
2553
884112
12
112
49
936 153 186 933
16
ธันวาคม
2553
334380
80
380
24
529 315 533 306
1
ธันวาคม
2553
181752
52
752
09
664 470 474 086
16
พฤศจิกายน
2553
813993
93
993
43
763 979 907 129
1
พฤศจิกายน
2553
191100
00
100
59
653 968 801 739
16
ตุลาคม
2553
621377
77
377
42
310 518 385 872
1
ตุลาคม
2553
488372
72
372
02
091 996 003 246
16
กันยายน
2553
017422
22
422
66
103 316 431 075
1
กันยายน
2553
354656
56
656
11
784 570 656 096
16
สิงหาคม
2553
911097
97
097
64
986 578 448 689
1
สิงหาคม
2553
210008
08
008
10
769 182 727 191
16
กรกฎาคม
2553
180387
87
387
34
309 219 572 024
1
กรกฎาคม
2553
480239
39
239
68
893 450 918 961
16
มิถุนายน
2553
500104
04
104
73
200 628 681 816
1
มิถุนายน
2553
444874
74
874
81
374 298 996 673
16
พฤษภาคม
2553
480012
12
012
12
293 151 770 008
2
พฤษภาคม
2553
360371
71
371
06
382 040 517 618
16
เมษายน
2553
211743
43
743
96
811 744 154 285
1
เมษายน
2553
959517
17
517
22
174 663 447 040
16
มีนาคม
2553
364222
22
222
97
619 996 229 756
1
มีนาคม
2553
215227
27
227
97
457 627 374 470
16
กุมภาพันธ์
2553
133707
07
707
03
137 026 362 985
1
กุมภาพันธ์
2553
186312
12
312
14
936 577 694 403
16
มกราคม
2553
073577
77
577
67
413 459 781 646
30
ธันวาคม
2552
994304
04
304
87
993 337 419 598
16
ธันวาคม
2552
685141
41
141
05
694 775 524 142
1
ธันวาคม
2552
776980
80
980
59
937 188 412 252
16
พฤศจิกายน
2552
055986
86
986
58
299 952 072 536
1
พฤศจิกายน
2552
689140
40
140
85
366 923 642 465
16
ตุลาคม
2552
258487
87
487
00
174 135 226 122
1
ตุลาคม
2552
169387
87
387
06
249 435 714 255
16
กันยายน
2552
202912
12
912
48
200 353 539 166
1
กันยายน
2552
015865
65
865
32
435 447 446 924
16
สิงหาคม
2552
462933
33
933
96
843 292 577 658
1
สิงหาคม
2552
154986
86
986
92
688 239 421 374
16
กรกฎาคม
2552
000816
16
816
94
005 177 356 836
1
กรกฎาคม
2552
207542
42
542
66
233 107 799 385
16
มิถุนายน
2552
930456
56
456
15
125 044 954 179
1
มิถุนายน
2552
777661
61
661
26
242 097 240 642
16
พฤษภาคม
2552
111411
11
411
54
368 838 362 892
2
พฤษภาคม
2552
294452
52
452
11
222 549 947 301
16
เมษายน
2552
368415
15
415
33
954 179 007 570
1
เมษายน
2552
816578
78
578
50
572 363 113 044
16
มีนาคม
2552
268812
12
812
36
228 929 424 063
1
มีนาคม
2552
553091
91
091
67
224 238 665 295
16
กุมภาพันธ์
2552
038730
30
730
93
961 939 115 434
1
กุมภาพันธ์
2552
534533
33
533
69
660 777 015 427
16
มกราคม
2552
743212
12
212
25
266 800 842 885
30
ธันวาคม
2551
218596
96
596
22
094 197 831 984
16
ธันวาคม
2551
074114
14
114
25
305 715 803 959
1
ธันวาคม
2551
205434
34
434
05
013 260 617 957
16
พฤศจิกายน
2551
002612
12
612
20
068 589 824 877
1
พฤศจิกายน
2551
272028
28
028
76
285 333 421 929
16
ตุลาคม
2551
431277
77
277
98
324 526 644 648
1
ตุลาคม
2551
882911
11
911
67
204 302 311 395
16
กันยายน
2551
012377
77
377
56
378 534 557 691
1
กันยายน
2551
695993
93
993
09
027 206 413 904
16
สิงหาคม
2551
380377
77
377
36
161 445 457 744
1
สิงหาคม
2551
850348
48
348
11
236 386 408 913
16
กรกฎาคม
2551
257374
74
374
41
344 401 486 576
1
กรกฎาคม
2551
943671
71
671
50
096 287 490 523
16
มิถุนายน
2551
729111
11
111
75
339 345 639 870
1
มิถุนายน
2551
414875
75
875
35
370 666 747 916
16
พฤษภาคม
2551
329231
31
231
69
193 120 355 214
2
พฤษภาคม
2551
453011
11
011
62
001 133 001 792
16
เมษายน
2551
982800
00
800
64
802 584 043 008
1
เมษายน
2551
012653
53
653
71
124 195 200 586
16
มีนาคม
2551
074946
46
946
33
077 974 085 158
1
มีนาคม
2551
936685
85
685
05
056 085 371 691
16
กุมภาพันธ์
2551
137054
54
054
80
344 512 630 892
1
กุมภาพันธ์
2551
212684
84
684
26
311 472 732 796
16
มกราคม
2551
556010
10
010
81
413 548 942 965
30
ธันวาคม
2550
595411
11
411
81
267 490 741 787
16
ธันวาคม
2550
513501
01
501
96
425 432 460 702
1
ธันวาคม
2550
113410
10
410
18
418 485 627 659
16
พฤศจิกายน
2550
562481
81
481
73
130 198 752 844
1
พฤศจิกายน
2550
927907
07
907
88
213 277 524 648
16
ตุลาคม
2550
032988
88
988
48
158 663 685 846
1
ตุลาคม
2550
430667
67
667
76
090 104 126 667
16
กันยายน
2550
499336
36
336
45
247 273 604 608
1
กันยายน
2550
331810
10
810
69
293 505 518 520
16
สิงหาคม
2550
476207
07
207
93
234 236 312 424
1
สิงหาคม
2550
429924
24
924
29
006 048 885 962
16
กรกฎาคม
2550
527384
84
384
77
105 183 334 947
1
กรกฎาคม
2550
565151
51
151
76
146 287 638 949
16
มิถุนายน
2550
393194
94
194
41
989 907 424 589
1
มิถุนายน
2550
836393
93
393
05
739 242 523 433
16
พฤษภาคม
2550
232897
97
897
25
924 858 751 585
2
พฤษภาคม
2550
430374
74
374
81
553 442 881 729
16
เมษายน
2550
405105
05
105
63
013 987 866 522
1
เมษายน
2550
622780
80
780
93
677 794 814 022
16
มีนาคม
2550
876763
63
763
85
191 001 906 350
1
มีนาคม
2550
742425
25
425
61
949 294 942 801
16
กุมภาพันธ์
2550
277859
59
859
95
625 607 979 384
1
กุมภาพันธ์
2550
769925
25
925
56
893 239 287 865
16
มกราคม
2550
838739
39
739
55
293 263 845 803
30
ธันวาคม
2549
778584
84
584
07
811 403 164 971
16
ธันวาคม
2549
147977
77
977
45
439 694 647 197
1
ธันวาคม
2549
270052
52
052
12
621 462 091 236
16
พฤศจิกายน
2549
562856
56
856
94
508 307 680 347
1
พฤศจิกายน
2549
910957
57
957
29
647 739 137 905
16
ตุลาคม
2549
264825
25
825
58
903 092 358 832
1
ตุลาคม
2549
952335
35
335
92
007 804 879 951
16
กันยายน
2549
217948
48
948
41
916 290 864 121
1
กันยายน
2549
381761
61
761
44
600 693 093 626
16
สิงหาคม
2549
977486
86
486
91
221 305 230 103
1
สิงหาคม
2549
238654
54
654
88
847 005 817 487
16
กรกฎาคม
2549
512434
34
434
48
989 098 518 432
1
กรกฎาคม
2549
952890
90
890
65
126 183 017 839
16
มิถุนายน
2549
100935
35
935
17
381 410 595 250
1
มิถุนายน
2549
810850
50
850
99
526 149 382 664
16
พฤษภาคม
2549
100344
44
344
71
386 463 811 696
2
พฤษภาคม
2549
024554
54
554
27
006 438 082 117
16
เมษายน
2549
038564
64
564
49
210 442 769 877
1
เมษายน
2549
738365
65
365
95
064 955 301 522
16
มีนาคม
2549
936177
77
177
30
486 185 205 320
1
มีนาคม
2549
582473
73
473
43
586 801 108 914
16
กุมภาพันธ์
2549
317009
09
009
66
784 240 135 280
1
กุมภาพันธ์
2549
412729
29
729
87
915 720 149 384
16
มกราคม
2549
432747
47
747
79
222 789 965 200
30
ธันวาคม
2548
492955
55
955
94
066 308 742 150
16
ธันวาคม
2548
449565
65
565
86
802 162 958 994
1
ธันวาคม
2548
388551
51
551
17
072 764 027 770
16
พฤศจิกายน
2548
742518
18
518
80
502 741 887 137
1
พฤศจิกายน
2548
970577
77
577
98
171 375 009 216
16
ตุลาคม
2548
041072
72
072
71
346 913 410 269
1
ตุลาคม
2548
766482
82
482
24
766 551 792 275
16
กันยายน
2548
214768
68
768
10
498 282 124 057
1
กันยายน
2548
316933
33
933
17
123 338 969 047
16
สิงหาคม
2548
475560
60
560
68
272 844 103 915
1
สิงหาคม
2548
961633
33
633
26
055 152 386 272
16
กรกฎาคม
2548
477452
52
452
13
757 150 460 642
1
กรกฎาคม
2548
009554
54
554
87
798 427 641 244
16
มิถุนายน
2548
793070
70
070
44
806 021 074 605
1
มิถุนายน
2548
176893
93
893
35
176 579 616 405
16
พฤษภาคม
2548
867134
34
134
97
376 648 465 693
2
พฤษภาคม
2548
772467
67
467
43
017 383 815 073
16
เมษายน
2548
119327
27
327
10
081 968 346 627
1
เมษายน
2548
815753
53
753
69
482 381 224 807
16
มีนาคม
2548
196345
45
345
03
073 601 783 394
1
มีนาคม
2548
800751
51
751
93
681 714 998 669
16
กุมภาพันธ์
2548
816422
22
422
53
086 356 192 065
1
กุมภาพันธ์
2548
540054
54
054
34
389 180 863 571
16
มกราคม
2548
335022
22
022
08
689 291 039 479
30
ธันวาคม
2547
168858
58
858
28
221 603 627 179
16
ธันวาคม
2547
479372
72
372
17
288 075 999 183
1
ธันวาคม
2547
504658
58
658
69
139 014 984 691
16
พฤศจิกายน
2547
754622
22
622
64
918 019 744 904
1
พฤศจิกายน
2547
185966
66
966
23
862 137 745 661
16
ตุลาคม
2547
355858
58
858
62
162 200 438 890
1
ตุลาคม
2547
110866
66
866
66
200 547 781 806
16
กันยายน
2547
923373
73
373
59
295 888 774 867
1
กันยายน
2547
096597
97
597
70
709 929 014 456
16
สิงหาคม
2547
335921
21
921
59
114 082 559 288
2
สิงหาคม
2547
868990
90
990
45
956 811 510 377
16
กรกฎาคม
2547
205588
88
588
25
696 726 461 154
1
กรกฎาคม
2547
312471
71
471
66
313 598 664 261
16
มิถุนายน
2547
208713
13
713
87
414 911 459 986
1
มิถุนายน
2547
614144
44
144
72
990 776 425 992
16
พฤษภาคม
2547
589207
07
207
13
492 992 526 253
2
พฤษภาคม
2547
653403
03
403
91
385 550 822 101
16
เมษายน
2547
705832
32
832
12
008 966 634 721
1
เมษายน
2547
196391
91
391
62
808 918 257 851
16
มีนาคม
2547
615366
66
366
69
779 094 478 830
1
มีนาคม
2547
697483
83
483
50
610 510 759 206
16
กุมภาพันธ์
2547
698002
02
002
00
877 309 798 072
1
กุมภาพันธ์
2547
216822
22
822
77
361 242 769 765
16
มกราคม
2547
731342
42
342
96
025 357 926 391
30
ธันวาคม
2546
739447
47
447
64
654 435 743 216
16
ธันวาคม
2546
177947
47
947
87
676 847 735 571
1
ธันวาคม
2546
991307
07
307
78
945 719 559 217
16
พฤศจิกายน
2546
238511
11
511
68
155 767 594 474
1
พฤศจิกายน
2546
941438
38
438
47
866 156 216 264
16
ตุลาคม
2546
305500
00
500
03
109 012 084 470
1
ตุลาคม
2546
912040
40
040
43
407 100 379 563
16
กันยายน
2546
600589
89
589
53
909 356 996 494
1
กันยายน
2546
187813
13
813
92
661 918 793 249
16
สิงหาคม
2546
354771
71
771
00
496 271 206 624
1
สิงหาคม
2546
766098
98
098
91
733 856 007 460
16
กรกฎาคม
2546
679545
45
545
75
049 589 281 363
1
กรกฎาคม
2546
461414
14
414
91
151 878 395 282
16
มิถุนายน
2546
389872
72
872
29
605 995 922 006
1
มิถุนายน
2546
766066
66
066
36
083 523 354 686
16
พฤษภาคม
2546
552784
84
784
20
608 048 699 362
2
พฤษภาคม
2546
135603
03
603
12
498 870 386 522
16
เมษายน
2546
892525
25
525
21
933 906 796 823
1
เมษายน
2546
933164
64
164
86
467 863 732 902
16
มีนาคม
2546
653062
62
062
64
820 208 702 038
1
มีนาคม
2546
441022
22
022
42
322 026 707 628
17
กุมภาพันธ์
2546
455578
78
578
61
805 496 980 857
1
กุมภาพันธ์
2546
456370
70
370
94
661 429 806 229
16
มกราคม
2546
977085
85
085
06
441 535 519 262
30
ธันวาคม
2545
895196
96
196
95
191 116 689 609
16
ธันวาคม
2545
019682
82
682
67
616 312 075 849
1
ธันวาคม
2545
968422
22
422
37
298 088 337 809
16
พฤศจิกายน
2545
915344
44
344
55
191 843 789 906
1
พฤศจิกายน
2545
505498
98
498
25
341 297 747 383
16
ตุลาคม
2545
428641
41
641
51
150 401 244 177
1
ตุลาคม
2545
802505
05
505
72
864 567 358 189
16
กันยายน
2545
156050
50
050
85
056 889 823 169
1
กันยายน
2545
994200
00
200
51
126 799 046 395
16
สิงหาคม
2545
120108
08
108
57
705 173 953 147
1
สิงหาคม
2545
493438
38
438
88
269 645 544 529
16
กรกฎาคม
2545
340264
64
264
69
304 632 539 034
1
กรกฎาคม
2545
481447
47
447
24
195 517 763 802
16
มิถุนายน
2545
073261
61
261
07
472 156 662 845
1
มิถุนายน
2545
161149
49
149
02
879 643 328 485
16
พฤษภาคม
2545
598714
14
714
76
765 725 394 508
2
พฤษภาคม
2545
590664
64
664
56
764 739 695 503
16
เมษายน
2545
522630
30
630
37
586 949 997 085
1
เมษายน
2545
990543
43
543
57
971 430 225 456
16
มีนาคม
2545
659152
52
152
04
370 066 707 943
1
มีนาคม
2545
805590
90
590
55
748 715 434 856
16
กุมภาพันธ์
2545
330853
53
853
92
167 820 088 769
1
กุมภาพันธ์
2545
633270
70
270
40
956 414 621 859
16
มกราคม
2545
709670
70
670
14
895 116 434 109
30
ธันวาคม
2544
729367
67
367
64
873 974 611 107
16
ธันวาคม
2544
224675
75
675
19
887 538 363 902
1
ธันวาคม
2544
737022
22
022
49
713 461 773 925
16
พฤศจิกายน
2544
685706
06
706
74
339 976 600 275
1
พฤศจิกายน
2544
683472
72
472
52
392 081 694 431
16
ตุลาคม
2544
975005
05
005
48
070 626 110 670
1
ตุลาคม
2544
104154
54
154
15
827 303 287 058
16
กันยายน
2544
616426
26
426
82
995 806 291 089
1
กันยายน
2544
119067
67
067
14
145 294 218 532
16
สิงหาคม
2544
690135
35
135
10
217 717 900 588
1
สิงหาคม
2544
180597
97
597
11
602 086 864 848
16
กรกฎาคม
2544
820715
15
715
50
250 171 282 767
1
กรกฎาคม
2544
107987
87
987
34
364 296 985 546
16
มิถุนายน
2544
762394
94
394
75
550 395 606 922
1
มิถุนายน
2544
113311
11
311
80
490 983 310 920
16
พฤษภาคม
2544
091982
82
982
61
437 507 055 080
2
พฤษภาคม
2544
205095
95
095
64
980 543 294 099
16
เมษายน
2544
140843
43
843
28
031 952 800 378
1
เมษายน
2544
640998
98
998
49
600 061 407 877
16
มีนาคม
2544
633616
16
616
45
400 773 903 350
1
มีนาคม
2544
836537
37
537
85
356 147 292 380
16
กุมภาพันธ์
2544
621267
67
267
47
155 275 673 305
1
กุมภาพันธ์
2544
454703
03
703
13
089 437 245 063
16
มกราคม
2544
737016
16
016
36
358 515 778 035
30
ธันวาคม
2543
119451
51
451
31
600 763 985 357
16
ธันวาคม
2543
969676
76
676
91
555 267 313 605
1
ธันวาคม
2543
887956
56
956
56
454 664 170 933
16
พฤศจิกายน
2543
565311
11
311
10
494 381 044 304
1
พฤศจิกายน
2543
093182
82
182
90
046 606 818 407
16
ตุลาคม
2543
620662
62
662
39
276 607 133 372
1
ตุลาคม
2543
290582
82
582
26
690 436 618 070
16
กันยายน
2543
046251
51
251
05
933 806 860 230
1
กันยายน
2543
437367
67
367
52
952 290 365 474
16
สิงหาคม
2543
459013
13
013
57
087 378 155 120
1
สิงหาคม
2543
267540
40
540
18
881 930 665 463
16
กรกฎาคม
2543
931342
42
342
43
397 237 739 656
1
กรกฎาคม
2543
674071
71
071
29
946 761 689 190
16
มิถุนายน
2543
825696
96
696
57
592 832 311 771
1
มิถุนายน
2543
592761
61
761
16
716 705 981 810
16
พฤษภาคม
2543
009315
15
315
56
226 035 929 174
2
พฤษภาคม
2543
070715
15
715
20
422 287 979 740
16
เมษายน
2543
836777
77
777
63
950 273 131 362
1
เมษายน
2543
963948
48
948
99
477 535 511 018
16
มีนาคม
2543
164311
11
311
65
009 460 071 326
1
มีนาคม
2543
997833
33
833
63
817 250 627 416
16
กุมภาพันธ์
2543
729816
16
816
91
631 916 618 181
1
กุมภาพันธ์
2543
530213
13
213
85
109 926 094 597
16
มกราคม
2543
442183
83
183
82
540 950 269 847
30
ธันวาคม
2542
051108
08
108
03
061 263 540 301
16
ธันวาคม
2542
139853
53
853
30
131 688 143 656
1
ธันวาคม
2542
669281
81
281
79
952 896 999 999
16
พฤศจิกายน
2542
764354
54
354
14
978 723 324 293
1
พฤศจิกายน
2542
561335
35
335
03
655 882 570 141
16
ตุลาคม
2542
410227
27
227
28
468 304 750 467
1
ตุลาคม
2542
830676
76
676
80
287 215 167 234
16
กันยายน
2542
807506
06
506
46
593 268 283 734
1
กันยายน
2542
591344
44
344
33
261 237 275 861
16
สิงหาคม
2542
340998
98
998
65
696 333 371 111
1
สิงหาคม
2542
056860
60
860
98
688 064 303 994
16
กรกฎาคม
2542
070416
16
416
03
138 349 343 004
1
กรกฎาคม
2542
386441
41
441
67
152 987 001 211
16
มิถุนายน
2542
278794
94
794
63
917 422 859 742
1
มิถุนายน
2542
077626
26
626
08
606 177 951 340
16
พฤษภาคม
2542
618818
18
818
16
843 074 884 870
2
พฤษภาคม
2542
691483
83
483
45
686 003 715 184
16
เมษายน
2542
625094
94
094
35
394 432 067 859
1
เมษายน
2542
479957
57
957
92
713 471 858 670
16
มีนาคม
2542
577278
78
278
63
089 418 606 415
2
มีนาคม
2542
660214
14
214
58
645 612 927 479
16
กุมภาพันธ์
2542
307213
13
213
41
456 091 404 782
1
กุมภาพันธ์
2542
342860
60
860
69
361 048 735 752
16
มกราคม
2542
190611
11
611
13
186 543 854 976
30
ธันวาคม
2541
464147
47
147
50
778 094 924 983
16
ธันวาคม
2541
181813
13
813
55
306 175 498 560
1
ธันวาคม
2541
836569
69
569
58
115 075 944 200
16
พฤศจิกายน
2541
270744
44
744
20
480 763 785 794
1
พฤศจิกายน
2541
920846
46
846
29
081 316 044 289
16
ตุลาคม
2541
261080
80
080
74
461 935 755 695
1
ตุลาคม
2541
987844
44
844
18
806 286 728 470
16
กันยายน
2541
065720
20
720
65
782 584 401 311
1
กันยายน
2541
872795
95
795
96
316 042 551 060
16
สิงหาคม
2541
081784
84
784
91
724 464 644 677
1
สิงหาคม
2541
748493
93
493
22
015 001 771 862
16
กรกฎาคม
2541
599991
91
991
52
012 401 904 935
1
กรกฎาคม
2541
595123
23
123
65
076 101 606 314
16
มิถุนายน
2541
858076
76
076
19
235 316 219 533
1
มิถุนายน
2541
820088
88
088
67
014 649 781 530
16
พฤษภาคม
2541
840043
43
043
63
984 258 981 950
2
พฤษภาคม
2541
663807
07
807
72
802 946 143 325
16
เมษายน
2541
146573
73
573
17
202 153 705 664
1
เมษายน
2541
496930
30
930
66
454 563 882 786
16
มีนาคม
2541
572701
01
701
79
260 852 943 506
1
มีนาคม
2541
236864
64
864
74
867 285 127 562
16
กุมภาพันธ์
2541
612897
97
897
69
460 234 356 213
1
กุมภาพันธ์
2541
665959
59
959
48
381 685 788 941
16
มกราคม
2541
947195
95
195
34
425 185 833 792
30
ธันวาคม
2540
675704
04
704
65
044 327 977 788
16
ธันวาคม
2540
294240
40
240
71
975 762 142 408
1
ธันวาคม
2540
241559
59
559
86
392 982 677 168
16
พฤศจิกายน
2540
875462
62
462
99
539 573 730 038
1
พฤศจิกายน
2540
974201
01
201
39
830 877 283 064
16
ตุลาคม
2540
405124
24
124
98
280 356 459 125
1
ตุลาคม
2540
444413
13
413
24
808 689 746 698
16
กันยายน
2540
527514
14
514
98
251 335 687 935
1
กันยายน
2540
083537
37
537
59
132 319 658 716
16
สิงหาคม
2540
156967
67
967
30
235 957 596 569
1
สิงหาคม
2540
054272
72
272
31
797 145 414 440
16
กรกฎาคม
2540
509691
91
691
67
982 623 750 944
1
กรกฎาคม
2540
676573
73
573
11
909 620 412 092
16
มิถุนายน
2540
537146
46
146
61
635 769 982 504
1
มิถุนายน
2540
643997
97
997
24
507 918 784 060
16
พฤษภาคม
2540
088067
67
067
52
510 621 896 769
2
พฤษภาคม
2540
388437
37
437
38
025 656 056 728
16
เมษายน
2540
551450
50
450
92
654 165 279 085
1
เมษายน
2540
617629
29
629
52
426 162 880 015
16
มีนาคม
2540
100474
74
474
36
444 822 705 214
1
มีนาคม
2540
976779
79
779
98
148 414 791 364
16
กุมภาพันธ์
2540
499884
84
884
94
716 247 533 315
1
กุมภาพันธ์
2540
750792
92
792
57
402 771 703 079
16
มกราคม
2540
151995
95
995
47
612 257 020 381
30
ธันวาคม
2539
879454
54
454
26
879 314 158 584
16
ธันวาคม
2539
593856
56
856
44
381 755 608 438
1
ธันวาคม
2539
179528
28
528
66
822 365 920 566
16
พฤศจิกายน
2539
951088
88
088
21
168 349 580 577
1
พฤศจิกายน
2539
512694
94
694
24
290 432 255 964
16
ตุลาคม
2539
198019
19
019
18
082 270 865 824
1
ตุลาคม
2539
947788
88
788
97
089 166 544 484
16
กันยายน
2539
814368
68
368
59
889 818 976 400
1
กันยายน
2539
470136
36
136
02
392 666 927 501
16
สิงหาคม
2539
352768
68
768
19
389 932 609 875
1
สิงหาคม
2539
151091
91
091
61
646 650 833 669
16
กรกฎาคม
2539
332687
87
687
91
771 547 281 010
1
กรกฎาคม
2539
625379
79
379
76
666 298 094 543
16
มิถุนายน
2539
318311
11
311
21
649 118 735 916
1
มิถุนายน
2539
869656
56
656
81
422 126 961 584
17
พฤษภาคม
2539
978140
40
140
75
321 443 718 523
2
พฤษภาคม
2539
247351
51
351
54
175 234 661 978
16
เมษายน
2539
049584
84
584
77
435 222 155 052
1
เมษายน
2539
660765
65
765
90
701 338 839 278
16
มีนาคม
2539
019128
28
128
27
673 796 694 526
1
มีนาคม
2539
304855
55
855
72
760 664 443 945
16
กุมภาพันธ์
2539
681455
55
455
49
977 664 428 779
1
กุมภาพันธ์
2539
256556
56
556
26
906 705 549 994
16
มกราคม
2539
318302
02
302
21
882 444 661 971
30
ธันวาคม
2538
327686
86
686
04
748 456 145 928
16
ธันวาคม
2538
952808
08
808
68
732 540 639 064
1
ธันวาคม
2538
714426
26
426
74
516 427 387 073
16
พฤศจิกายน
2538
239422
22
422
85
078 883 776 756
1
พฤศจิกายน
2538
282069
69
069
07
962 564 194 393
16
ตุลาคม
2538
322154
54
154
86
924 192 716 233
1
ตุลาคม
2538
317092
92
092
76
139 819 088 296
16
กันยายน
2538
876454
54
454
51
558 297 582 802
1
กันยายน
2538
620837
37
837
83
693 872 255 644
16
สิงหาคม
2538
265333
33
333
51
235 455 618 342
1
สิงหาคม
2538
464819
19
819
59
070 274 669 293
16
กรกฎาคม
2538
248122
22
122
96
571 085 303 758
1
กรกฎาคม
2538
939901
01
901
19
428 940 667 879
16
มิถุนายน
2538
046698
98
698
82
678 785 507 393
1
มิถุนายน
2538
105615
15
615
17
374 735 168 688
17
พฤษภาคม
2538
220381
81
381
55
460 597 511 488
2
พฤษภาคม
2538
504692
92
692
88
304 886 268 273
16
เมษายน
2538
053581
81
581
99
560 968 681 376
1
เมษายน
2538
427039
39
039
06
254 926 674 978
16
มีนาคม
2538
646847
47
847
67
225 044 091 220
1
มีนาคม
2538
411454
54
454
71
034 019 022 152
16
กุมภาพันธ์
2538
869070
70
070
95
828 597 462 126
1
กุมภาพันธ์
2538
198162
62
162
48
195 087 805 574
16
มกราคม
2538
922388
88
388
40
186 667 253 002
30
ธันวาคม
2537
6284069
69
069
90
798 713 339 744
16
ธันวาคม
2537
5100040
40
040
50
654 129 766 544
1
ธันวาคม
2537
6832681
81
681
02
342 923 448 043
16
พฤศจิกายน
2537
6095849
49
849
82
504 902 225 816
1
พฤศจิกายน
2537
1676779
79
779
76
110 365 096 840
16
ตุลาคม
2537
7583048
48
048
79
165 294 428 024
1
ตุลาคม
2537
7128442
42
442
23
623 251 229 243
16
กันยายน
2537
4781931
31
931
88
046 255 164 886
1
กันยายน
2537
6220893
93
893
67
891 718 949 701
16
สิงหาคม
2537
6504760
60
760
28
303 724 897 677
1
สิงหาคม
2537
3114057
57
057
85
396 149 026 758
16
กรกฎาคม
2537
5962891
91
891
74
424 686 628 622
1
กรกฎาคม
2537
6568267
67
267
39
372 902 868 445
16
มิถุนายน
2537
1947355
55
355
53
302 583 524 669
1
มิถุนายน
2537
3560804
04
804
17
474 564 989 164
16
พฤษภาคม
2537
2071764
64
764
29
093 544 535 746
2
พฤษภาคม
2537
3072877
77
877
69
535 317 170 521
16
เมษายน
2537
7893913
13
913
21
785 982 151 594
1
เมษายน
2537
4269815
15
815
29
675 035 704 868
16
มีนาคม
2537
1723336
36
336
19
382 166 515 185
1
มีนาคม
2537
3373731
31
731
41
082 631 008 820
16
กุมภาพันธ์
2537
7679044
44
044
76
943 520 753 486
1
กุมภาพันธ์
2537
5984685
85
685
05
173 746 268 396
16
มกราคม
2537
4791270
70
270
23
873 237 845 708
30
ธันวาคม
2536
2669189
89
189
72
874 902 069 037
16
ธันวาคม
2536
4043500
00
500
69
646 156 478 253
1
ธันวาคม
2536
3670638
38
638
98
294 139 959 608
16
พฤศจิกายน
2536
7515123
23
123
82
410 507 184 112
1
พฤศจิกายน
2536
3908940
40
940
94
701 103 895 626
16
ตุลาคม
2536
7611764
64
764
58
254 216 684 566
1
ตุลาคม
2536
3415973
73
973
26
489 401 928 682
16
กันยายน
2536
4286755
55
755
11
296 963 890 504
1
กันยายน
2536
2812096
96
096
00
738 227 181 218
16
สิงหาคม
2536
4088644
44
644
86
030 260 200 033
1
สิงหาคม
2536
4137744
44
744
06
273 778 446 905
16
กรกฎาคม
2536
5686061
61
061
21
865 873 702 818
1
กรกฎาคม
2536
3820203
03
203
29
729 189 206 213
16
มิถุนายน
2536
2119871
71
871
39
146 955 961 223
1
มิถุนายน
2536
3488477
77
477
61
813 645 011 815
16
พฤษภาคม
2536
1633983
83
983
53
109 740 812 606
2
พฤษภาคม
2536
7749508
08
508
99
532 916 661 783
16
เมษายน
2536
5632018
18
018
09
265 995 970 200
1
เมษายน
2536
5825558
58
558
89
859 255 060 217
16
มีนาคม
2536
7680699
99
699
98
554 547 731 509
1
มีนาคม
2536
4006281
81
281
19
449 968 065 492
16
กุมภาพันธ์
2536
7549455
55
455
41
165 031 850 034
1
กุมภาพันธ์
2536
7459337
37
337
21
171 767 507 986
16
มกราคม
2536
5423816
16
816
25
419 335 947 620
30
ธันวาคม
2535
6662150
50
150
23
510 563 810 795
16
ธันวาคม
2535
4826531
31
531
92
945 601 383 851
1
ธันวาคม
2535
7120927
27
927
65
019 406 153 063
16
พฤศจิกายน
2535
3685682
82
682
45
223 632 049 295
1
พฤศจิกายน
2535
6267821
21
821
35
879 263 789 046
16
ตุลาคม
2535
3576993
93
993
79
412 312 037 964
1
ตุลาคม
2535
6379578
78
578
71
752 765 654 300
16
กันยายน
2535
6874108
08
108
88
221 127 030 623
1
กันยายน
2535
1446615
15
615
68
060 307 125 056
16
สิงหาคม
2535
6234607
07
607
91
978 251 422 151
1
สิงหาคม
2535
6697778
78
778
86
712 935 593 575
16
กรกฎาคม
2535
7954430
30
430
87
492 324 756 339
1
กรกฎาคม
2535
5119968
68
968
56
999 813 561 702
16
มิถุนายน
2535
5569432
32
432
92
392 880 914 221
1
มิถุนายน
2535
5184191
91
191
29
169 351 245 729
16
พฤษภาคม
2535
2827496
96
496
59
333 738 246 890
2
พฤษภาคม
2535
5765397
97
397
86
079 444 732 104
16
เมษายน
2535
2699374
74
374
10
836 662 139 325
1
เมษายน
2535
2244704
04
704
03
624 863 013 242
16
มีนาคม
2535
1218353
53
353
48
004 578 543 737
1
มีนาคม
2535
7291524
24
524
60
870 902 024 231
16
กุมภาพันธ์
2535
1868701
01
701
94
641 849 349 599
1
กุมภาพันธ์
2535
5986924
24
924
63
936 952 683 944
16
มกราคม
2535
1149428
28
428
18
034 543 672 132
30
ธันวาคม
2534
3208301
01
301
76
318 087 182 917
16
ธันวาคม
2534
7241436
36
436
88
613 667 717 597
1
ธันวาคม
2534
1470741
41
741
05
540 794 006 602
16
พฤศจิกายน
2534
4373528
28
528
08
979 477 937 643
1
พฤศจิกายน
2534
7894285
85
285
78
516 537 183 272
16
ตุลาคม
2534
2078202
02
202
38
585 566 338 314
1
ตุลาคม
2534
2730444
44
444
96
978 318 977 928
16
กันยายน
2534
4790449
49
449
18
114 298 220 381
1
กันยายน
2534
6700430
30
430
49
081 237 661 119
16
สิงหาคม
2534
3746551
51
551
89
845 377 044 182
1
สิงหาคม
2534
6580541
41
541
11
459 509 753 947
16
กรกฎาคม
2534
1671946
46
946
62
822 846 951 882
1
กรกฎาคม
2534
4441724
24
724
58
771 134 196 766
16
มิถุนายน
2534
5364632
32
632
91
370 785 761 268
1
มิถุนายน
2534
2496376
76
376
77
318 303 485 804
16
พฤษภาคม
2534
2532303
03
303
63
931 269 688 802
2
พฤษภาคม
2534
4222124
24
124
63
536 296 630 836
16
เมษายน
2534
4824037
37
037
57
565 711 970 206
1
เมษายน
2534
1606864
64
864
03
819 416 103 008
16
มีนาคม
2534
5891641
41
641
59
540 715 527 866
1
มีนาคม
2534
4598076
76
076
72
950 783 676 928
16
กุมภาพันธ์
2534
3223780
80
780
33
992 658 242 596
1
กุมภาพันธ์
2534
5396496
96
496
75
079 455 458 087
16
มกราคม
2534
5328736
36
736
29
649 645 225 388
30
ธันวาคม
2533
2190949
49
949
05
516 367 330 962
16
ธันวาคม
2533
4407799
99
799
21
708 359 171 238
1
ธันวาคม
2533
4771944
44
944
88
237 586 692 444
16
พฤศจิกายน
2533
1226536
36
536
06
426 020 721 050
1
พฤศจิกายน
2533
4380230
30
230
82
694 516 619 829
16
ตุลาคม
2533
5626303
03
303
56
351 928 923 431
1
ตุลาคม
2533
5738808
08
808
37
043 977 058 748
16
กันยายน
2533
5202390
90
390
55
461 211 085 747
1
กันยายน
2533
1622380
80
380
83
862 938 161 639
16
สิงหาคม
2533
1671935
35
935
43
325 746 361 644
1
สิงหาคม
2533
1867185
85
185
92
579 070 973 445
16
กรกฎาคม
2533
3814178
78
178
11
342 619 112 770
1
กรกฎาคม
2533
1076835
35
835
43
043 641 038 295
16
มิถุนายน
2533
3530344
44
344
65
878 144 198 371
1
มิถุนายน
2533
2355474
74
474
72
118 115 227 492
16
พฤษภาคม
2533
5071272
72
272
34
565 815 942 465
2
พฤษภาคม
2533
5898868
68
868
01
186 644 668 078
16
เมษายน
2533
5092890
90
890
84
664 059 912 489
1
เมษายน
2533
4734251
51
251
39
301 637 195 717
16
มีนาคม
2533
3240205
05
205
88
443 275 775 559
1
มีนาคม
2533
4968902
02
902
15
624 452 087 567
16
กุมภาพันธ์
2533
3732892
92
892
01
889 596 386 601
1
กุมภาพันธ์
2533
1078496
96
496
82
756 481 259 104
16
มกราคม
2533
3992239
39
239
97
898 234 288 284
